0 0 : 0.000000
1 0 : 2.000000
2 0 : 10.000000
3 0 : 28.000000
4 0 : 60.000000
5 0 : 110.000000
6 0 : 182.000000
7 0 : 280.000000
8 0 : 408.000000
9 0 : 570.000000
80 0 : 13370.000000
81 0 : 26492.000000
82 0 : 39940.000000
83 0 : 53718.000000
84 0 : 67830.000000
85 0 : 82280.000000
86 0 : 97072.000000
87 0 : 112210.000000
88 0 : 127698.000000
89 0 : 143540.000000
70 7 : 9800.000000
71 7 : 19882.000000
72 7 : 30250.000000
73 7 : 40908.000000
74 7 : 51860.000000
75 7 : 63110.000000
76 7 : 74662.000000
77 7 : 86520.000000
78 7 : 98688.000000
79 7 : 111170.000000
30 3 : 1800.000000
31 3 : 3722.000000
32 3 : 5770.000000
33 3 : 7948.000000
34 3 : 10260.000000
35 3 : 12710.000000
36 3 : 15302.000000
37 3 : 18040.000000
38 3 : 20928.000000
39 3 : 23970.000000
50 5 : 5000.000000
51 5 : 10202.000000
52 5 : 15610.000000
53 5 : 21228.000000
54 5 : 27060.000000
60 6 : 7200.000000
55 5 : 33110.000000
56 5 : 39382.000000
57 5 : 45880.000000
20 2 : 800.000000
21 2 : 1682.000000
22 2 : 2650.000000
23 2 : 3708.000000
24 2 : 4860.000000
58 5 : 52608.000000
10 1 : 200.000000
11 1 : 442.000000
12 1 : 730.000000
13 1 : 1068.000000
14 1 : 1460.000000
15 1 : 1910.000000
16 1 : 2422.000000
17 1 : 3000.000000
18 1 : 3648.000000
19 1 : 4370.000000
90 1 : 20570.000000
91 1 : 37132.000000
92 1 : 54060.000000
93 1 : 71358.000000
25 2 : 6110.000000
26 2 : 7462.000000
61 6 : 14642.000000
62 6 : 22330.000000
63 6 : 30268.000000
64 6 : 38460.000000
65 6 : 46910.000000
66 6 : 55622.000000
67 6 : 64600.000000
68 6 : 73848.000000
69 6 : 83370.000000
27 2 : 8920.000000
28 2 : 10488.000000
29 2 : 12170.000000
40 4 : 3200.000000
41 4 : 6562.000000
94 1 : 89030.000000
59 5 : 59570.000000
95 1 : 107080.000000
96 1 : 125512.000000
97 1 : 144330.000000
98 1 : 163538.000000
99 1 : 183140.000000
42 4 : 10090.000000
43 4 : 13788.000000
44 4 : 17660.000000
45 4 : 21710.000000
46 4 : 25942.000000
47 4 : 30360.000000
48 4 : 34968.000000
49 4 : 39770.000000
Final result= 656700.000000
